======================= Mutual Information =========================

   SNR        BPSK        QPSK      16 QAM      64 QAM     256 QAM
 -45.0   0.0000445   0.0000480   0.0000382   0.0000344   0.0000342
 -44.9   0.0000560   0.0000369   0.0000419   0.0000345   0.0000357
 -44.8   0.0000399   0.0000459   0.0000380   0.0000364   0.0000362
 -44.7   0.0000489   0.0000456   0.0000434   0.0000369   0.0000387
 -44.6   0.0000537   0.0000496   0.0000415   0.0000361   0.0000370
 -44.5   0.0000433   0.0000476   0.0000400   0.0000375   0.0000383
 -44.4   0.0000454   0.0000529   0.0000388   0.0000410   0.0000394
 -44.3   0.0000612   0.0000451   0.0000423   0.0000412   0.0000402
 -44.2   0.0000502   0.0000474   0.0000472   0.0000416   0.0000423
 -44.1   0.0000440   0.0000615   0.0000388   0.0000431   0.0000426
 -44.0   0.0000627   0.0000642   0.0000438   0.0000410   0.0000442
 -43.9   0.0000577   0.0000507   0.0000450   0.0000456   0.0000432
 -43.8   0.0000471   0.0000633   0.0000473   0.0000469   0.0000452
 -43.7   0.0000653   0.0000669   0.0000467   0.0000475   0.0000469
 -43.6   0.0000638   0.0000785   0.0000508   0.0000474   0.0000481
 -43.5   0.0000572   0.0000730   0.0000511   0.0000487   0.0000482
 -43.4   0.0000580   0.0000621   0.0000521   0.0000495   0.0000495
 -43.3   0.0000685   0.0000628   0.0000534   0.0000483   0.0000512
 -43.2   0.0000623   0.0000632   0.0000620   0.0000508   0.0000517
 -43.1   0.0000970   0.0000659   0.0000557   0.0000587   0.0000513
 -43.0   0.0000774   0.0000714   0.0000622   0.0000549   0.0000541
 -42.9   0.0000821   0.0000622   0.0000583   0.0000565   0.0000563
 -42.8   0.0000810   0.0000697   0.0000598   0.0000607   0.0000576
 -42.7   0.0000856   0.0000734   0.0000613   0.0000604   0.0000586
 -42.6   0.0000720   0.0000886   0.0000671   0.0000618   0.0000599
 -42.5   0.0000761   0.0000840   0.0000633   0.0000621   0.0000622
 -42.4   0.0000775   0.0000863   0.0000654   0.0000618   0.0000619
 -42.3   0.0000812   0.0000666   0.0000657   0.0000683   0.0000633
 -42.2   0.0000960   0.0000954   0.0000699   0.0000692   0.0000659
 -42.1   0.0000899   0.0000861   0.0000660   0.0000685   0.0000673
 -42.0   0.0001018   0.0001118   0.0000688   0.0000700   0.0000700
 -41.9   0.0001034   0.0000934   0.0000770   0.0000704   0.0000723
 -41.8   0.0000850   0.0001066   0.0000731   0.0000722   0.0000728
 -41.7   0.0000916   0.0000968   0.0000770   0.0000782   0.0000726
 -41.6   0.0000951   0.0000878   0.0000798   0.0000727   0.0000745
 -41.5   0.0001026   0.0001146   0.0000840   0.0000740   0.0000751
 -41.4   0.0000914   0.0001002   0.0000820   0.0000814   0.0000787
 -41.3   0.0001180   0.0001120   0.0000826   0.0000819   0.0000799
 -41.2   0.0000919   0.0001218   0.0000881   0.0000829   0.0000827
 -41.1   0.0001016   0.0001070   0.0000879   0.0000845   0.0000839
 -41.0   0.0001126   0.0000991   0.0000821   0.0000857   0.0000868
 -40.9   0.0001286   0.0001144   0.0000908   0.0000889   0.0000901
 -40.8   0.0001020   0.0001150   0.0000975   0.0000934   0.0000901
 -40.7   0.0001360   0.0001321   0.0000973   0.0000953   0.0000919
 -40.6   0.0001362   0.0001294   0.0000930   0.0000973   0.0000957
 -40.5   0.0001294   0.0001270   0.0000951   0.0000969   0.0000972
 -40.4   0.0001386   0.0001481   0.0001120   0.0000977   0.0000989
 -40.3   0.0001511   0.0001266   0.0001124   0.0000998   0.0001007
 -40.2   0.0001328   0.0001349   0.0001068   0.0000988   0.0001033
 -40.1   0.0001599   0.0001261   0.0001113   0.0001062   0.0001071
 -40.0   0.0001576   0.0001521   0.0001150   0.0001050   0.0001092
 -39.9   0.0001464   0.0001607   0.0001202   0.0001155   0.0001112
 -39.8   0.0001376   0.0001606   0.0001258   0.0001203   0.0001147
 -39.7   0.0001506   0.0001553   0.0001292   0.0001161   0.0001162
 -39.6   0.0001588   0.0001503   0.0001262   0.0001239   0.0001200
 -39.5   0.0001495   0.0001796   0.0001236   0.0001217   0.0001251
 -39.4   0.0001706   0.0001757   0.0001351   0.0001214   0.0001236
 -39.3   0.0001745   0.0001690   0.0001229   0.0001312   0.0001266
 -39.2   0.0001626   0.0001614   0.0001481   0.0001332   0.0001310
 -39.1   0.0001708   0.0001625   0.0001404   0.0001353   0.0001332
 -39.0   0.0001486   0.0001926   0.0001460   0.0001380   0.0001373
 -38.9   0.0001933   0.0001722   0.0001385   0.0001416   0.0001378
 -38.8   0.0001934   0.0001724   0.0001586   0.0001453   0.0001425
 -38.7   0.0001797   0.0001934   0.0001605   0.0001504   0.0001471
 -38.6   0.0001714   0.0002000   0.0001599   0.0001560   0.0001488
 -38.5   0.0001957   0.0002079   0.0001588   0.0001545   0.0001517
 -38.4   0.0002120   0.0002087   0.0001625   0.0001577   0.0001555
 -38.3   0.0002053   0.0002159   0.0001704   0.0001610   0.0001612
 -38.2   0.0002079   0.0002312   0.0001747   0.0001680   0.0001640
 -38.1   0.0002112   0.0002315   0.0001795   0.0001708   0.0001651
 -38.0   0.0002400   0.0001994   0.0001790   0.0001747   0.0001735
 -37.9   0.0002212   0.0002227   0.0001924   0.0001816   0.0001761
 -37.8   0.0002126   0.0002290   0.0001864   0.0001865   0.0001804
 -37.7   0.0002497   0.0002278   0.0001940   0.0001894   0.0001847
 -37.6   0.0002489   0.0002244   0.0002004   0.0001862   0.0001883
 -37.5   0.0002663   0.0002603   0.0002200   0.0001940   0.0001964
 -37.4   0.0002430   0.0002339   0.0001987   0.0001968   0.0001989
 -37.3   0.0002779   0.0002729   0.0002166   0.0002063   0.0002022
 -37.2   0.0003013   0.0002772   0.0002327   0.0002137   0.0002087
 -37.1   0.0002777   0.0003007   0.0002302   0.0002117   0.0002138
 -37.0   0.0002494   0.0002706   0.0002272   0.0002177   0.0002143
 -36.9   0.0003078   0.0002810   0.0002400   0.0002231   0.0002245
 -36.8   0.0003192   0.0002896   0.0002396   0.0002288   0.0002266
 -36.7   0.0003460   0.0003096   0.0002493   0.0002390   0.0002359
 -36.6   0.0003038   0.0003177   0.0002487   0.0002367   0.0002382
 -36.5   0.0002904   0.0002937   0.0002698   0.0002449   0.0002465
 -36.4   0.0003503   0.0003518   0.0002630   0.0002557   0.0002462
 -36.3   0.0003321   0.0003555   0.0002869   0.0002563   0.0002535
 -36.2   0.0003623   0.0003281   0.0002832   0.0002596   0.0002624
 -36.1   0.0003419   0.0003950   0.0002869   0.0002684   0.0002699
 -36.0   0.0003271   0.0003865   0.0002938   0.0002794   0.0002712
 -35.9   0.0003778   0.0003876   0.0002953   0.0002866   0.0002758
 -35.8   0.0003411   0.0003521   0.0002972   0.0002890   0.0002880
 -35.7   0.0004081   0.0003931   0.0003068   0.0002958   0.0002934
 -35.6   0.0003856   0.0004061   0.0003130   0.0003069   0.0003004
 -35.5   0.0004253   0.0003820   0.0003203   0.0003130   0.0003041
 -35.4   0.0003981   0.0004490   0.0003355   0.0003214   0.0003127
 -35.3   0.0004418   0.0004291   0.0003361   0.0003316   0.0003193
 -35.2   0.0004444   0.0004356   0.0003403   0.0003374   0.0003220
 -35.1   0.0004409   0.0004689   0.0003570   0.0003405   0.0003367
 -35.0   0.0004144   0.0004623   0.0003746   0.0003457   0.0003448
 -34.9   0.0004470   0.0004582   0.0003761   0.0003525   0.0003490
 -34.8   0.0005091   0.0004719   0.0003828   0.0003663   0.0003567
 -34.7   0.0004856   0.0004923   0.0003795   0.0003722   0.0003659
 -34.6   0.0005140   0.0005174   0.0003833   0.0003863   0.0003751
 -34.5   0.0005273   0.0005243   0.0004044   0.0003927   0.0003830
 -34.4   0.0004946   0.0005395   0.0004224   0.0003953   0.0003967
 -34.3   0.0005488   0.0005477   0.0004139   0.0003984   0.0004010
 -34.2   0.0005374   0.0005278   0.0004464   0.0004181   0.0004113
 -34.1   0.0005579   0.0005612   0.0004597   0.0004299   0.0004212
 -34.0   0.0005862   0.0005732   0.0004630   0.0004372   0.0004353
 -33.9   0.0005748   0.0005952   0.0004723   0.0004378   0.0004458
 -33.8   0.0006354   0.0005704   0.0004944   0.0004515   0.0004547
 -33.7   0.0006191   0.0006030   0.0004951   0.0004651   0.0004621
 -33.6   0.0006490   0.0006325   0.0004840   0.0004733   0.0004724
 -33.5   0.0006524   0.0006220   0.0005278   0.0004907   0.0004825
 -33.4   0.0006025   0.0006329   0.0005289   0.0004995   0.0004971
 -33.3   0.0006874   0.0006554   0.0005360   0.0005125   0.0005096
 -33.2   0.0006956   0.0007179   0.0005402   0.0005306   0.0005184
 -33.1   0.0007051   0.0006996   0.0005590   0.0005300   0.0005298
 -33.0   0.0006826   0.0007531   0.0005830   0.0005576   0.0005491
 -32.9   0.0008023   0.0007689   0.0005964   0.0005611   0.0005603
 -32.8   0.0007513   0.0007358   0.0006016   0.0005803   0.0005682
 -32.7   0.0008175   0.0007882   0.0006104   0.0005856   0.0005823
 -32.6   0.0008480   0.0007927   0.0006500   0.0006050   0.0005964
 -32.5   0.0008143   0.0008034   0.0006581   0.0006150   0.0006106
 -32.4   0.0008036   0.0008308   0.0006551   0.0006340   0.0006247
 -32.3   0.0009083   0.0008308   0.0006888   0.0006448   0.0006388
 -32.2   0.0008672   0.0008832   0.0006852   0.0006611   0.0006532
 -32.1   0.0008671   0.0009255   0.0007088   0.0006699   0.0006687
 -32.0   0.0008737   0.0008524   0.0007230   0.0006937   0.0006859
 -31.9   0.0009070   0.0009068   0.0007514   0.0007066   0.0007047
 -31.8   0.0009142   0.0009554   0.0007675   0.0007330   0.0007178
 -31.7   0.0009703   0.0009718   0.0007673   0.0007327   0.0007320
 -31.6   0.0009875   0.0010168   0.0008055   0.0007543   0.0007486
 -31.5   0.0010322   0.0010131   0.0008149   0.0007728   0.0007737
 -31.4   0.0010745   0.0010314   0.0008383   0.0007990   0.0007819
 -31.3   0.0010732   0.0011344   0.0008531   0.0008175   0.0008036
 -31.2   0.0010479   0.0011173   0.0009031   0.0008271   0.0008252
 -31.1   0.0010688   0.0010861   0.0009056   0.0008561   0.0008406
 -31.0   0.0011768   0.0011410   0.0009132   0.0008707   0.0008603
 -30.9   0.0012052   0.0011576   0.0009305   0.0008911   0.0008851
 -30.8   0.0011911   0.0011577   0.0009426   0.0009191   0.0009078
 -30.7   0.0013148   0.0012025   0.0009750   0.0009293   0.0009186
 -30.6   0.0012477   0.0012187   0.0009852   0.0009624   0.0009473
 -30.5   0.0012379   0.0012709   0.0010112   0.0010050   0.0009687
 -30.4   0.0013137   0.0013667   0.0010647   0.0009975   0.0009876
 -30.3   0.0013163   0.0013529   0.0010742   0.0010194   0.0010181
 -30.2   0.0013597   0.0013885   0.0011066   0.0010496   0.0010332
 -30.1   0.0014015   0.0014229   0.0011369   0.0010722   0.0010603
 -30.0   0.0014342   0.0014559   0.0011633   0.0010972   0.0010850
 -29.9   0.0015279   0.0014204   0.0012063   0.0011182   0.0011144
 -29.8   0.0014643   0.0015001   0.0012075   0.0011507   0.0011387
 -29.7   0.0015454   0.0015263   0.0012607   0.0011754   0.0011746
 -29.6   0.0016006   0.0015780   0.0012726   0.0011935   0.0011868
 -29.5   0.0015727   0.0015978   0.0012893   0.0012249   0.0012174
 -29.4   0.0016170   0.0016582   0.0013078   0.0012678   0.0012468
 -29.3   0.0017356   0.0016460   0.0013520   0.0012932   0.0012749
 -29.2   0.0017063   0.0016923   0.0014063   0.0013202   0.0013111
 -29.1   0.0017033   0.0018027   0.0013859   0.0013543   0.0013380
 -29.0   0.0018447   0.0018538   0.0014406   0.0013681   0.0013727
 -28.9   0.0018505   0.0018114   0.0014736   0.0014200   0.0013929
 -28.8   0.0018284   0.0019189   0.0015172   0.0014545   0.0014314
 -28.7   0.0019606   0.0019750   0.0015421   0.0014860   0.0014682
 -28.6   0.0019909   0.0020786   0.0015947   0.0015135   0.0015027
 -28.5   0.0019948   0.0020845   0.0016270   0.0015499   0.0015325
 -28.4   0.0020379   0.0020629   0.0016640   0.0015841   0.0015690
 -28.3   0.0021386   0.0021051   0.0017040   0.0016074   0.0016086
 -28.2   0.0021420   0.0021497   0.0017836   0.0016528   0.0016419
 -28.1   0.0023738   0.0022064   0.0017816   0.0017292   0.0016711
 -28.0   0.0023126   0.0022782   0.0018535   0.0017406   0.0017190
 -27.9   0.0023817   0.0022712   0.0018665   0.0017827   0.0017647
 -27.8   0.0024210   0.0023596   0.0019104   0.0018401   0.0018055
 -27.7   0.0024911   0.0024245   0.0019552   0.0018735   0.0018455
 -27.6   0.0024592   0.0025589   0.0020251   0.0019173   0.0018883
 -27.5   0.0025314   0.0025803   0.0020435   0.0019561   0.0019373
 -27.4   0.0025892   0.0026436   0.0020949   0.0019908   0.0019720
 -27.3   0.0026626   0.0025820   0.0021365   0.0020660   0.0020183
 -27.2   0.0027950   0.0027932   0.0021998   0.0021105   0.0020715
 -27.1   0.0028126   0.0027944   0.0022200   0.0021467   0.0021190
 -27.0   0.0029340   0.0029915   0.0022784   0.0021959   0.0021745
 -26.9   0.0029946   0.0029435   0.0023694   0.0022404   0.0022286
 -26.8   0.0029502   0.0030744   0.0023933   0.0022920   0.0022747
 -26.7   0.0030449   0.0030777   0.0024613   0.0023713   0.0023165
 -26.6   0.0031246   0.0030856   0.0025253   0.0023852   0.0023715
 -26.5   0.0032270   0.0032985   0.0025947   0.0024385   0.0024207
 -26.4   0.0032212   0.0032786   0.0026334   0.0025266   0.0024870
 -26.3   0.0034381   0.0034074   0.0026882   0.0025779   0.0025412
 -26.2   0.0033522   0.0035273   0.0027703   0.0026328   0.0026060
 -26.1   0.0034736   0.0035082   0.0028242   0.0026923   0.0026628
 -26.0   0.0035997   0.0035333   0.0028434   0.0027513   0.0027299
 -25.9   0.0037650   0.0036877   0.0029478   0.0028218   0.0028010
 -25.8   0.0036777   0.0037627   0.0030427   0.0029000   0.0028547
 -25.7   0.0039459   0.0039297   0.0030998   0.0029667   0.0029190
 -25.6   0.0040180   0.0039882   0.0031356   0.0030336   0.0029968
 -25.5   0.0040588   0.0040523   0.0032088   0.0030908   0.0030613
 -25.4   0.0041940   0.0042468   0.0033648   0.0031529   0.0031297
 -25.3   0.0043412   0.0042096   0.0034305   0.0032262   0.0032000
 -25.2   0.0043203   0.0043338   0.0034636   0.0032827   0.0032754
 -25.1   0.0045510   0.0043659   0.0035565   0.0033878   0.0033600
 -25.0   0.0046155   0.0045990   0.0036451   0.0034454   0.0034360
 -24.9   0.0046542   0.0047320   0.0037455   0.0035718   0.0035125
 -24.8   0.0046866   0.0048236   0.0038479   0.0036667   0.0035995
 -24.7   0.0048514   0.0048775   0.0039381   0.0037122   0.0036774
 -24.6   0.0049887   0.0049532   0.0039953   0.0038270   0.0037689
 -24.5   0.0050346   0.0052066   0.0040609   0.0038887   0.0038690
 -24.4   0.0052488   0.0052841   0.0042031   0.0039613   0.0039349
 -24.3   0.0053687   0.0053487   0.0042144   0.0040923   0.0040267
 -24.2   0.0054097   0.0054069   0.0044365   0.0041814   0.0041290
 -24.1   0.0055553   0.0055199   0.0044795   0.0042726   0.0042195
 -24.0   0.0055326   0.0057954   0.0045965   0.0043693   0.0043239
 -23.9   0.0058979   0.0057866   0.0046414   0.0044739   0.0044095
 -23.8   0.0060153   0.0059018   0.0048432   0.0045781   0.0045205
 -23.7   0.0060469   0.0061370   0.0049454   0.0046972   0.0046331
 -23.6   0.0061140   0.0062905   0.0050368   0.0048176   0.0047306
 -23.5   0.0063787   0.0064526   0.0051272   0.0049013   0.0048375
 -23.4   0.0065920   0.0065759   0.0052471   0.0050117   0.0049518
 -23.3   0.0066650   0.0067455   0.0053886   0.0051288   0.0050783
 -23.2   0.0068134   0.0069567   0.0055220   0.0052654   0.0051911
 -23.1   0.0069644   0.0070917   0.0056528   0.0053811   0.0052966
 -23.0   0.0072640   0.0070504   0.0057572   0.0055051   0.0054461
 -22.9   0.0072934   0.0073210   0.0059423   0.0056503   0.0055643
 -22.8   0.0073833   0.0074946   0.0060213   0.0057846   0.0056942
 -22.7   0.0077335   0.0076339   0.0061792   0.0059115   0.0058275
 -22.6   0.0078810   0.0077559   0.0063362   0.0060067   0.0059593
 -22.5   0.0081283   0.0081092   0.0065643   0.0061656   0.0061193
 -22.4   0.0081433   0.0081213   0.0065681   0.0062988   0.0062494
 -22.3   0.0084895   0.0084907   0.0067992   0.0064728   0.0063867
 -22.2   0.0087967   0.0086743   0.0070198   0.0066383   0.0065457
 -22.1   0.0088287   0.0089780   0.0071386   0.0067538   0.0066992
 -22.0   0.0088374   0.0089772   0.0072553   0.0069166   0.0068306
 -21.9   0.0093336   0.0092075   0.0074653   0.0070792   0.0070191
 -21.8   0.0095713   0.0094405   0.0076063   0.0072464   0.0071643
 -21.7   0.0098948   0.0097342   0.0078055   0.0074430   0.0073529
 -21.6   0.0098383   0.0099545   0.0079511   0.0075721   0.0075070
 -21.5   0.0099501   0.0100086   0.0082264   0.0077635   0.0076968
 -21.4   0.0104869   0.0105294   0.0083389   0.0079740   0.0078420
 -21.3   0.0105703   0.0107543   0.0086389   0.0081285   0.0080329
 -21.2   0.0109555   0.0108065   0.0087796   0.0083013   0.0082372
 -21.1   0.0110564   0.0113848   0.0089649   0.0085102   0.0084357
 -21.0   0.0111801   0.0115465   0.0091760   0.0087335   0.0086037
 -20.9   0.0116743   0.0117751   0.0093619   0.0089408   0.0087956
 -20.8   0.0116799   0.0117993   0.0095494   0.0091270   0.0090308
 -20.7   0.0122764   0.0122546   0.0097839   0.0093368   0.0092342
 -20.6   0.0123763   0.0125630   0.0100063   0.0095802   0.0094498
 -20.5   0.0128548   0.0126688   0.0102416   0.0097959   0.0096512
 -20.4   0.0129417   0.0132729   0.0105234   0.0100260   0.0098860
 -20.3   0.0134313   0.0134160   0.0107227   0.0102759   0.0101096
 -20.2   0.0136889   0.0137144   0.0109536   0.0105054   0.0103170
 -20.1   0.0139335   0.0141637   0.0112576   0.0107226   0.0105976
 -20.0   0.0140381   0.0143924   0.0115726   0.0109591   0.0108460
 -19.9   0.0145286   0.0146394   0.0118044   0.0112039   0.0110757
 -19.8   0.0151143   0.0150013   0.0120648   0.0114985   0.0113316
 -19.7   0.0152642   0.0153977   0.0122707   0.0117501   0.0115996
 -19.6   0.0157174   0.0158387   0.0125298   0.0120536   0.0118718
 -19.5   0.0160901   0.0161687   0.0128898   0.0123156   0.0121446
 -19.4   0.0162125   0.0165706   0.0132376   0.0125660   0.0124525
 -19.3   0.0168297   0.0169093   0.0134468   0.0128270   0.0127153
 -19.2   0.0171101   0.0171347   0.0138870   0.0131821   0.0130146
 -19.1   0.0175136   0.0176532   0.0142197   0.0134980   0.0133184
 -19.0   0.0180113   0.0180620   0.0145119   0.0137937   0.0136521
 -18.9   0.0182693   0.0185223   0.0148465   0.0140653   0.0139723
 -18.8   0.0189448   0.0187173   0.0152476   0.0144087   0.0142879
 -18.7   0.0192348   0.0192562   0.0155386   0.0147605   0.0145998
 -18.6   0.0197666   0.0198007   0.0157722   0.0150918   0.0149394
 -18.5   0.0201263   0.0201013   0.0163197   0.0154785   0.0152801
 -18.4   0.0202414   0.0205545   0.0166454   0.0158217   0.0156528
 -18.3   0.0210709   0.0210713   0.0169983   0.0161959   0.0160241
 -18.2   0.0215481   0.0218278   0.0173555   0.0166084   0.0163768
 -18.1   0.0219832   0.0221322   0.0177882   0.0169190   0.0167517
 -18.0   0.0222772   0.0228488   0.0182579   0.0173946   0.0171817
 -17.9   0.0233375   0.0233750   0.0186804   0.0177497   0.0175687
 -17.8   0.0235376   0.0236318   0.0190666   0.0182004   0.0179485
 -17.7   0.0243147   0.0243693   0.0194802   0.0185708   0.0183693
 -17.6   0.0249242   0.0248498   0.0200846   0.0190343   0.0187981
 -17.5   0.0252381   0.0253822   0.0204985   0.0194504   0.0192386
 -17.4   0.0256583   0.0260273   0.0208781   0.0199271   0.0196840
 -17.3   0.0266854   0.0265135   0.0214566   0.0203694   0.0201368
 -17.2   0.0270169   0.0273117   0.0218505   0.0208547   0.0205990
 -17.1   0.0274751   0.0280684   0.0223959   0.0212936   0.0210794
 -17.0   0.0280302   0.0281957   0.0229059   0.0218378   0.0215790
 -16.9   0.0286851   0.0290041   0.0234990   0.0223260   0.0220937
 -16.8   0.0293271   0.0298464   0.0240498   0.0228921   0.0225857
 -16.7   0.0301610   0.0305201   0.0244820   0.0233284   0.0230968
 -16.6   0.0308209   0.0313111   0.0251747   0.0238984   0.0236307
 -16.5   0.0316690   0.0318822   0.0257084   0.0244569   0.0242179
 -16.4   0.0324819   0.0326001   0.0263260   0.0250666   0.0247271
 -16.3   0.0330620   0.0337981   0.0269113   0.0256478   0.0253213
 -16.2   0.0335208   0.0343495   0.0277046   0.0261919   0.0259207
 -16.1   0.0343391   0.0347913   0.0282380   0.0268483   0.0265031
 -16.0   0.0355300   0.0357674   0.0288140   0.0274424   0.0271132
 -15.9   0.0363587   0.0365252   0.0294556   0.0280717   0.0277698
 -15.8   0.0369177   0.0372312   0.0300986   0.0287662   0.0284211
 -15.7   0.0382733   0.0381871   0.0308557   0.0293668   0.0290226
 -15.6   0.0387035   0.0389951   0.0315034   0.0301236   0.0297347
 -15.5   0.0393680   0.0400243   0.0322352   0.0309263   0.0304187
 -15.4   0.0404501   0.0412877   0.0331591   0.0314735   0.0311031
 -15.3   0.0412251   0.0420053   0.0338305   0.0321938   0.0318631
 -15.2   0.0422424   0.0429757   0.0346461   0.0329768   0.0325549
 -15.1   0.0432049   0.0436427   0.0355427   0.0337312   0.0333602
 -15.0   0.0440262   0.0447528   0.0361589   0.0344103   0.0341284
 -14.9   0.0453138   0.0457498   0.0371293   0.0353218   0.0349209
 -14.8   0.0457769   0.0471013   0.0379702   0.0361891   0.0356718
 -14.7   0.0471890   0.0482229   0.0388717   0.0369561   0.0365348
 -14.6   0.0484749   0.0492065   0.0397042   0.0378560   0.0373421
 -14.5   0.0491592   0.0502276   0.0406763   0.0386580   0.0381993
 -14.4   0.0506710   0.0514875   0.0416647   0.0396004   0.0391233
 -14.3   0.0520888   0.0527654   0.0425875   0.0405435   0.0399995
 -14.2   0.0529754   0.0536474   0.0435513   0.0414425   0.0409470
 -14.1   0.0545693   0.0546812   0.0445984   0.0424628   0.0418624
 -14.0   0.0555045   0.0564792   0.0455598   0.0433774   0.0428315
 -13.9   0.0565168   0.0576963   0.0464917   0.0443563   0.0438524
 -13.8   0.0573463   0.0590596   0.0477179   0.0453066   0.0448359
 -13.7   0.0589956   0.0604040   0.0488332   0.0464412   0.0459130
 -13.6   0.0602611   0.0613512   0.0498799   0.0474610   0.0469216
 -13.5   0.0612953   0.0631000   0.0512027   0.0486193   0.0480043
 -13.4   0.0631399   0.0644512   0.0523478   0.0496721   0.0491416
 -13.3   0.0648400   0.0657148   0.0532523   0.0509196   0.0502564
 -13.2   0.0658380   0.0670159   0.0547026   0.0520072   0.0514077
 -13.1   0.0671497   0.0688887   0.0558603   0.0532607   0.0525490
 -13.0   0.0682125   0.0704173   0.0570023   0.0544924   0.0537800
 -12.9   0.0703477   0.0720582   0.0585897   0.0556381   0.0550578
 -12.8   0.0723287   0.0736930   0.0599356   0.0569301   0.0562855
 -12.7   0.0734154   0.0759488   0.0611755   0.0583067   0.0575438
 -12.6   0.0749158   0.0771278   0.0626145   0.0595432   0.0589006
 -12.5   0.0773665   0.0785467   0.0641376   0.0609358   0.0602662
 -12.4   0.0786812   0.0807103   0.0655628   0.0624002   0.0616765
 -12.3   0.0804289   0.0825928   0.0670142   0.0639153   0.0630532
 -12.2   0.0827458   0.0841800   0.0684563   0.0652970   0.0644549
 -12.1   0.0835257   0.0864457   0.0702532   0.0668259   0.0659925
 -12.0   0.0858710   0.0883903   0.0719364   0.0682538   0.0675213
 -11.9   0.0876144   0.0901385   0.0735983   0.0699797   0.0690335
 -11.8   0.0890662   0.0929293   0.0752207   0.0715336   0.0706281
 -11.7   0.0914562   0.0947940   0.0769125   0.0730947   0.0722659
 -11.6   0.0940225   0.0965967   0.0785477   0.0748530   0.0738821
 -11.5   0.0960091   0.0989519   0.0805140   0.0765560   0.0755687
 -11.4   0.0977757   0.1012400   0.0822640   0.0782146   0.0773001
 -11.3   0.0992049   0.1033368   0.0841305   0.0799921   0.0790969
 -11.2   0.1023469   0.1051451   0.0861691   0.0819433   0.0808639
 -11.1   0.1046034   0.1078591   0.0880899   0.0837342   0.0827582
 -11.0   0.1061763   0.1101998   0.0898938   0.0856617   0.0845941
 -10.9   0.1085810   0.1125560   0.0919730   0.0876007   0.0865376
 -10.8   0.1111797   0.1150423   0.0942114   0.0896250   0.0885393
 -10.7   0.1139689   0.1177784   0.0963221   0.0916841   0.0904955
 -10.6   0.1152180   0.1205198   0.0986090   0.0938033   0.0926787
 -10.5   0.1188043   0.1227884   0.1007843   0.0959662   0.0946711
 -10.4   0.1215518   0.1258540   0.1031744   0.0980935   0.0968746
 -10.3   0.1235958   0.1282675   0.1052720   0.1003421   0.0990507
 -10.2   0.1272197   0.1319001   0.1075631   0.1025989   0.1012866
 -10.1   0.1288052   0.1351989   0.1103423   0.1050686   0.1036447
 -10.0   0.1317884   0.1368684   0.1128763   0.1073109   0.1059328
  -9.9   0.1345416   0.1407994   0.1153777   0.1097217   0.1084070
  -9.8   0.1368313   0.1432961   0.1180379   0.1121572   0.1107780
  -9.7   0.1402440   0.1468370   0.1208805   0.1147842   0.1133499
  -9.6   0.1433170   0.1502735   0.1236391   0.1173786   0.1158183
  -9.5   0.1460103   0.1534479   0.1261943   0.1200530   0.1185859
  -9.4   0.1492139   0.1564440   0.1291418   0.1226657   0.1211670
  -9.3   0.1521355   0.1608178   0.1320292   0.1254066   0.1238931
  -9.2   0.1548401   0.1634307   0.1346800   0.1283056   0.1266578
  -9.1   0.1582708   0.1670171   0.1379603   0.1310730   0.1294984
  -9.0   0.1623449   0.1713926   0.1414354   0.1342370   0.1324287
  -8.9   0.1654363   0.1747468   0.1442240   0.1372109   0.1354495
  -8.8   0.1685251   0.1786685   0.1474702   0.1403320   0.1384502
  -8.7   0.1719375   0.1825711   0.1507702   0.1435432   0.1415720
  -8.6   0.1753273   0.1861831   0.1542471   0.1466512   0.1447271
  -8.5   0.1798779   0.1899090   0.1575620   0.1501054   0.1479946
  -8.4   0.1823527   0.1947607   0.1611905   0.1530871   0.1512821
  -8.3   0.1876537   0.1984232   0.1648895   0.1566126   0.1546130
  -8.2   0.1903442   0.2030941   0.1684077   0.1600955   0.1581151
  -8.1   0.1944895   0.2077987   0.1725896   0.1636775   0.1616508
  -8.0   0.1985074   0.2119996   0.1763531   0.1674214   0.1652410
  -7.9   0.2011619   0.2172058   0.1801512   0.1711703   0.1689868
  -7.8   0.2062646   0.2212400   0.1841093   0.1748801   0.1726401
  -7.7   0.2100881   0.2264234   0.1884570   0.1788098   0.1764983
  -7.6   0.2150462   0.2315452   0.1924778   0.1828358   0.1803679
  -7.5   0.2190820   0.2361574   0.1965635   0.1868876   0.1845000
  -7.4   0.2247378   0.2413163   0.2007408   0.1909882   0.1885327
  -7.3   0.2272486   0.2466605   0.2055980   0.1951990   0.1926774
  -7.2   0.2323166   0.2517691   0.2101015   0.1995453   0.1969543
  -7.1   0.2379742   0.2568523   0.2146559   0.2040869   0.2011884
  -7.0   0.2406849   0.2622642   0.2193531   0.2083678   0.2056411
  -6.9   0.2450223   0.2677864   0.2241378   0.2128963   0.2101552
  -6.8   0.2508195   0.2734614   0.2291858   0.2177214   0.2147856
  -6.7   0.2559017   0.2793445   0.2345299   0.2224206   0.2194123
  -6.6   0.2603120   0.2856067   0.2390159   0.2273648   0.2242930
  -6.5   0.2655186   0.2914504   0.2445968   0.2322509   0.2291099
  -6.4   0.2694362   0.2969143   0.2495908   0.2372346   0.2341531
  -6.3   0.2766376   0.3036354   0.2555337   0.2424736   0.2392349
  -6.2   0.2807090   0.3095536   0.2612922   0.2475870   0.2444314
  -6.1   0.2863121   0.3167213   0.2667435   0.2531600   0.2496615
  -6.0   0.2914497   0.3230347   0.2723267   0.2584858   0.2552198
  -5.9   0.2966976   0.3299797   0.2784692   0.2641830   0.2606374
  -5.8   0.3024991   0.3366351   0.2846409   0.2696239   0.2662250
  -5.7   0.3078616   0.3420383   0.2905005   0.2756247   0.2718920
  -5.6   0.3147671   0.3505324   0.2966183   0.2815534   0.2778539
  -5.5   0.3186006   0.3573610   0.3033696   0.2875614   0.2836739
  -5.4   0.3254513   0.3653783   0.3094698   0.2940121   0.2897022
  -5.3   0.3309873   0.3724303   0.3166144   0.2999088   0.2959990
  -5.2   0.3374880   0.3802225   0.3236774   0.3062379   0.3022363
  -5.1   0.3442526   0.3871171   0.3306172   0.3129476   0.3086108
  -5.0   0.3488058   0.3954066   0.3373464   0.3194166   0.3152136
  -4.9   0.3571513   0.4036985   0.3444249   0.3264161   0.3218263
  -4.8   0.3613901   0.4118219   0.3519306   0.3333165   0.3286687
  -4.7   0.3674777   0.4204810   0.3589741   0.3404011   0.3356132
  -4.6   0.3753772   0.4286818   0.3665414   0.3475119   0.3426028
  -4.5   0.3809519   0.4365965   0.3744387   0.3546611   0.3497066
  -4.4   0.3877059   0.4451770   0.3826950   0.3620550   0.3570502
  -4.3   0.3942395   0.4535562   0.3905632   0.3698332   0.3644883
  -4.2   0.4016108   0.4636070   0.3986279   0.3774486   0.3719904
  -4.1   0.4072153   0.4719538   0.4070099   0.3853594   0.3797854
  -4.0   0.4147765   0.4813573   0.4152835   0.3930774   0.3876239
  -3.9   0.4214428   0.4904131   0.4241081   0.4011806   0.3956066
  -3.8   0.4275395   0.5013568   0.4325512   0.4095814   0.4037452
  -3.7   0.4354741   0.5101960   0.4415358   0.4178925   0.4118697
  -3.6   0.4436563   0.5208725   0.4506665   0.4265328   0.4203485
  -3.5   0.4507130   0.5301303   0.4598759   0.4353472   0.4288846
  -3.4   0.4564624   0.5392114   0.4689851   0.4439457   0.4376601
  -3.3   0.4635059   0.5506259   0.4792602   0.4529441   0.4464280
  -3.2   0.4723770   0.5603191   0.4886956   0.4620753   0.4555333
  -3.1   0.4782868   0.5719299   0.4987311   0.4714457   0.4646257
  -3.0   0.4868343   0.5825959   0.5092406   0.4811116   0.4740560
  -2.9   0.4942195   0.5925838   0.5188542   0.4908314   0.4834491
  -2.8   0.5008132   0.6041750   0.5295526   0.5007114   0.4929761
  -2.7   0.5095281   0.6146476   0.5403261   0.5104691   0.5027547
  -2.6   0.5169742   0.6264572   0.5513371   0.5205530   0.5126020
  -2.5   0.5252468   0.6382213   0.5622181   0.5307881   0.5227314
  -2.4   0.5324492   0.6486942   0.5737926   0.5412127   0.5330975
  -2.3   0.5408818   0.6608545   0.5851742   0.5518866   0.5433485
  -2.2   0.5479650   0.6734543   0.5965291   0.5626415   0.5539651
  -2.1   0.5551147   0.6865269   0.6079176   0.5733529   0.5647389
  -2.0   0.5629382   0.6975041   0.6201709   0.5846060   0.5755118
  -1.9   0.5714935   0.7102568   0.6312504   0.5961283   0.5866093
  -1.8   0.5791617   0.7225690   0.6444772   0.6075205   0.5978230
  -1.7   0.5867119   0.7353790   0.6568254   0.6187506   0.6092111
  -1.6   0.5949580   0.7480152   0.6695698   0.6307494   0.6208920
  -1.5   0.6040527   0.7614991   0.6823035   0.6426670   0.6325072
  -1.4   0.6099582   0.7744584   0.6954346   0.6546570   0.6444755
  -1.3   0.6174236   0.7869975   0.7087154   0.6670756   0.6566366
  -1.2   0.6268244   0.8015404   0.7223179   0.6796734   0.6687304
  -1.1   0.6351085   0.8148250   0.7359986   0.6921494   0.6810776
  -1.0   0.6426156   0.8284552   0.7495493   0.7051080   0.6937900
  -0.9   0.6506541   0.8421875   0.7635833   0.7179725   0.7064068
  -0.8   0.6589543   0.8552924   0.7780455   0.7309457   0.7194792
  -0.7   0.6664682   0.8697406   0.7927728   0.7445641   0.7325113
  -0.6   0.6740100   0.8841209   0.8070506   0.7581833   0.7456926
  -0.5   0.6828203   0.8981910   0.8218744   0.7721336   0.7592402
  -0.4   0.6903048   0.9134219   0.8366740   0.7859955   0.7728325
  -0.3   0.6992854   0.9282090   0.8524089   0.8000490   0.7865871
  -0.2   0.7056609   0.9434298   0.8676368   0.8142034   0.8004840
  -0.1   0.7133181   0.9571543   0.8838278   0.8286548   0.8145588
   0.0   0.7216541   0.9736960   0.8988191   0.8435029   0.8291524
   0.1   0.7285605   0.9870859   0.9154931   0.8582372   0.8434033
   0.2   0.7368542   1.0026566   0.9317718   0.8732310   0.8580653
   0.3   0.7438511   1.0171964   0.9485756   0.8884766   0.8729145
   0.4   0.7521851   1.0310532   0.9652014   0.9035872   0.8878576
   0.5   0.7583828   1.0472996   0.9817516   0.9193233   0.9030422
   0.6   0.7662532   1.0631065   0.9990995   0.9349917   0.9184773
   0.7   0.7741088   1.0785059   1.0165025   0.9509355   0.9339512
   0.8   0.7813904   1.0944267   1.0336305   0.9672252   0.9495695
   0.9   0.7876471   1.1092276   1.0514738   0.9832035   0.9655973
   1.0   0.7962633   1.1262846   1.0695326   0.9996249   0.9815300
   1.1   0.8023462   1.1404829   1.0872294   1.0164352   0.9978702
   1.2   0.8088672   1.1581873   1.1062397   1.0335622   1.0142790
   1.3   0.8156259   1.1719587   1.1240861   1.0501651   1.0305101
   1.4   0.8226860   1.1883850   1.1429348   1.0672877   1.0474420
   1.5   0.8293867   1.2044908   1.1618953   1.0848666   1.0642603
   1.6   0.8354910   1.2197507   1.1807366   1.1023883   1.0813376
   1.7   0.8411785   1.2357784   1.2007391   1.1199435   1.0984271
   1.8   0.8478975   1.2531508   1.2196722   1.1378764   1.1159317
   1.9   0.8544832   1.2673611   1.2400420   1.1559517   1.1336560
   2.0   0.8597726   1.2845660   1.2597079   1.1742173   1.1511744
   2.1   0.8663934   1.3001940   1.2794042   1.1928358   1.1690479
   2.2   0.8714738   1.3159316   1.3005607   1.2108513   1.1869728
   2.3   0.8765922   1.3321582   1.3202783   1.2297604   1.2051352
   2.4   0.8827011   1.3483401   1.3405426   1.2484912   1.2236149
   2.5   0.8880019   1.3636486   1.3616620   1.2677474   1.2421795
   2.6   0.8934842   1.3796648   1.3830259   1.2869555   1.2608508
   2.7   0.8981545   1.3950501   1.4039505   1.3069355   1.2797614
   2.8   0.9028677   1.4105661   1.4252893   1.3265277   1.2988567
   2.9   0.9077190   1.4254285   1.4465676   1.3462013   1.3180885
   3.0   0.9129060   1.4417352   1.4679829   1.3661959   1.3371232
   3.1   0.9166419   1.4566182   1.4900737   1.3864589   1.3568775
   3.2   0.9213974   1.4718899   1.5120386   1.4066831   1.3763927
   3.3   0.9253488   1.4860065   1.5339528   1.4271209   1.3961429
   3.4   0.9297181   1.5012128   1.5571194   1.4479511   1.4160871
   3.5   0.9337544   1.5169570   1.5794482   1.4687748   1.4362175
   3.6   0.9376221   1.5317153   1.6019005   1.4898398   1.4564336
   3.7   0.9408006   1.5446814   1.6241056   1.5112905   1.4769118
   3.8   0.9446678   1.5598961   1.6473477   1.5321679   1.4974102
   3.9   0.9475397   1.5749008   1.6702432   1.5539498   1.5182603
   4.0   0.9511486   1.5889246   1.6947282   1.5753564   1.5389504
   4.1   0.9539360   1.6030348   1.7172585   1.5973080   1.5600769
   4.2   0.9570793   1.6156376   1.7407728   1.6194220   1.5811471
   4.3   0.9603850   1.6298628   1.7640136   1.6417989   1.6025137
   4.4   0.9623842   1.6436097   1.7877004   1.6639695   1.6241136
   4.5   0.9652970   1.6560724   1.8107642   1.6872278   1.6456288
   4.6   0.9673171   1.6695222   1.8351103   1.7094451   1.6673251
   4.7   0.9699328   1.6817117   1.8589072   1.7321853   1.6891564
   4.8   0.9720362   1.6941251   1.8827675   1.7554532   1.7113616
   4.9   0.9743264   1.7059115   1.9070677   1.7784599   1.7336140
   5.0   0.9761445   1.7183988   1.9320142   1.8018937   1.7560422
   5.1   0.9781427   1.7297399   1.9559125   1.8256937   1.7782455
   5.2   0.9797465   1.7410808   1.9808065   1.8491322   1.8008472
   5.3   0.9816691   1.7529668   2.0049654   1.8739301   1.8238579
   5.4   0.9830740   1.7637942   2.0289897   1.8976129   1.8467366
   5.5   0.9846036   1.7744074   2.0542736   1.9218550   1.8696971
   5.6   0.9858020   1.7841970   2.0785118   1.9466429   1.8930975
   5.7   0.9870057   1.7948606   2.1040138   1.9709054   1.9162212
   5.8   0.9880033   1.8045660   2.1283448   1.9956702   1.9398123
   5.9   0.9891768   1.8146798   2.1527228   2.0207485   1.9633787
   6.0   0.9903606   1.8234503   2.1775894   2.0454922   1.9872136
   6.1   0.9912836   1.8326351   2.2030230   2.0706811   2.0109923
   6.2   0.9920648   1.8418288   2.2273876   2.0963837   2.0350733
   6.3   0.9928836   1.8499531   2.2521053   2.1220958   2.0590929
   6.4   0.9935077   1.8582545   2.2778755   2.1480278   2.0833675
   6.5   0.9942616   1.8663626   2.3024468   2.1737079   2.1079715
   6.6   0.9948915   1.8738772   2.3272174   2.1998500   2.1324478
   6.7   0.9953465   1.8815057   2.3532353   2.2263730   2.1569407
   6.8   0.9958330   1.8883106   2.3775745   2.2525387   2.1818215
   6.9   0.9963559   1.8952096   2.4033037   2.2791906   2.2066463
   7.0   0.9967868   1.9016394   2.4282486   2.3060203   2.2317743
   7.1   0.9971970   1.9080447   2.4532766   2.3327747   2.2568321
   7.2   0.9974584   1.9137387   2.4778339   2.3600267   2.2823862
   7.3   0.9977757   1.9192267   2.5030275   2.3870151   2.3074598
   7.4   0.9981523   1.9248072   2.5283341   2.4143399   2.3330361
   7.5   0.9984080   1.9298479   2.5533429   2.4418243   2.3586751
   7.6   0.9984957   1.9348593   2.5782684   2.4696025   2.3842982
   7.7   0.9987034   1.9395931   2.6035461   2.4969906   2.4099679
   7.8   0.9988551   1.9437355   2.6284273   2.5252487   2.4359111
   7.9   0.9989986   1.9479830   2.6536006   2.5534349   2.4620795
   8.0   0.9992263   1.9520692   2.6786124   2.5810733   2.4882534
   8.1   0.9992560   1.9556579   2.7030148   2.6096430   2.5145153
   8.2   0.9993979   1.9589202   2.7276664   2.6384133   2.5410556
   8.3   0.9995365   1.9626076   2.7524438   2.6671515   2.5672805
   8.4   0.9995748   1.9656753   2.7775586   2.6955791   2.5939276
   8.5   0.9996465   1.9684573   2.8027389   2.7240214   2.6203876
   8.6   0.9997207   1.9710338   2.8269410   2.7531089   2.6472771
   8.7   0.9997315   1.9734844   2.8510697   2.7821087   2.6740291
   8.8   0.9997827   1.9761456   2.8774213   2.8115689   2.7010325
   8.9   0.9998333   1.9781229   2.9012150   2.8409469   2.7281407
   9.0   0.9998384   1.9802726   2.9255324   2.8705629   2.7552249
   9.1   0.9998958   1.9824594   2.9489970   2.8996891   2.7823345
   9.2   0.9998877   1.9840106   2.9734108   2.9290318   2.8096825
   9.3   0.9999168   1.9856623   2.9984333   2.9588263   2.8371907
   9.4   0.9999466   1.9868644   3.0218848   2.9883441   2.8644841
   9.5   0.9999474   1.9884250   3.0458166   3.0182776   2.8920362
   9.6   0.9999614   1.9896590   3.0697716   3.0478457   2.9198225
   9.7   0.9999639   1.9907891   3.0936586   3.0779060   2.9477113
   9.8   0.9999782   1.9917269   3.1171360   3.1085146   2.9753668
   9.9   0.9999822   1.9926700   3.1411829   3.1383701   3.0033312
  10.0   0.9999860   1.9934445   3.1632321   3.1685445   3.0314193
  10.1   0.9999894   1.9942162   3.1865923   3.1988377   3.0596400
  10.2   0.9999942   1.9949920   3.2094177   3.2291224   3.0876868
  10.3   0.9999960   1.9955610   3.2327771   3.2593642   3.1160124
  10.4   0.9999964   1.9960422   3.2549457   3.2894546   3.1443941
  10.5   0.9999972   1.9966387   3.2769877   3.3205158   3.1729984
  10.6   0.9999987   1.9970695   3.2991316   3.3505815   3.2015360
  10.7   0.9999987   1.9974971   3.3211102   3.3811358   3.2302322
  10.8   0.9999944   1.9977983   3.3427736   3.4122088   3.2591430
  10.9   0.9999993   1.9981462   3.3639540   3.4425514   3.2882482
  11.0   0.9999982   1.9983383   3.3850661   3.4732981   3.3170916
  11.1   0.9999999   1.9985782   3.4061508   3.5038820   3.3460492
  11.2   0.9999999   1.9987959   3.4266484   3.5341050   3.3755193
  11.3   1.0000000   1.9989857   3.4465745   3.5651167   3.4048216
  11.4   1.0000000   1.9991327   3.4661459   3.5956219   3.4342027
  11.5   0.9999999   1.9992859   3.4860054   3.6260312   3.4639298
  11.6   1.0000000   1.9994100   3.5053504   3.6569198   3.4935441
  11.7   0.9999997   1.9994802   3.5241731   3.6880196   3.5233156
  11.8   0.9999999   1.9995776   3.5434009   3.7185671   3.5531195
  11.9   1.0000000   1.9996261   3.5610340   3.7491605   3.5834163
  12.0   0.9999999   1.9996918   3.5795950   3.7796834   3.6135322
  12.1   1.0000000   1.9997679   3.5965862   3.8102551   3.6438648
  12.2   1.0000000   1.9997999   3.6140535   3.8405138   3.6741782
  12.3   1.0000000   1.9998185   3.6311396   3.8717563   3.7047610
  12.4   1.0000000   1.9998741   3.6474732   3.9021144   3.7353838
  12.5   1.0000000   1.9998821   3.6630470   3.9326299   3.7661494
  12.6   1.0000000   1.9999033   3.6786965   3.9631672   3.7970739
  12.7   1.0000000   1.9999301   3.6942135   3.9936255   3.8281055
  12.8   1.0000000   1.9999428   3.7090599   4.0241761   3.8592142
  12.9   1.0000000   1.9999641   3.7230364   4.0541205   3.8901766
  13.0   1.0000000   1.9999725   3.7368258   4.0847803   3.9219680
  13.1   1.0000000   1.9999716   3.7501223   4.1149919   3.9532252
  13.2   1.0000000   1.9999727   3.7634521   4.1450935   3.9849976
  13.3   1.0000000   1.9999795   3.7762466   4.1753193   4.0167774
  13.4   1.0000000   1.9999862   3.7885324   4.2055875   4.0482997
  13.5   1.0000000   1.9999897   3.8002857   4.2357986   4.0805415
  13.6   1.0000000   1.9999968   3.8115551   4.2657542   4.1126248
  13.7   1.0000000   1.9999948   3.8229522   4.2952620   4.1446787
  13.8   1.0000000   1.9999971   3.8328396   4.3254798   4.1769106
  13.9   1.0000000   1.9999984   3.8428659   4.3550334   4.2091699
  14.0   1.0000000   1.9999980   3.8531185   4.3845990   4.2419702
  14.1   1.0000000   1.9999972   3.8623140   4.4145035   4.2743988
  14.2   1.0000000   1.9999987   3.8712816   4.4438687   4.3072092
  14.3   1.0000000   1.9999998   3.8797496   4.4735576   4.3399464
  14.4   1.0000000   1.9999999   3.8880374   4.5033059   4.3727949
  14.5   1.0000000   1.9999990   3.8956850   4.5326980   4.4056271
  14.6   1.0000000   2.0000000   3.9030094   4.5617077   4.4387900
  14.7   1.0000000   2.0000000   3.9097131   4.5907342   4.4719819
  14.8   1.0000000   1.9999998   3.9163105   4.6203677   4.5051011
  14.9   1.0000000   2.0000000   3.9226515   4.6488426   4.5384717
  15.0   1.0000000   2.0000000   3.9285303   4.6780650   4.5720735
  15.1   1.0000000   1.9999998   3.9340701   4.7069047   4.6051783
  15.2   1.0000000   2.0000000   3.9390927   4.7354550   4.6388305
  15.3   1.0000000   2.0000000   3.9443552   4.7640311   4.6722902
  15.4   1.0000000   2.0000000   3.9487573   4.7926017   4.7059399
  15.5   1.0000000   2.0000000   3.9531599   4.8208627   4.7394735
  15.6   1.0000000   2.0000000   3.9571720   4.8490632   4.7734587
  15.7   1.0000000   2.0000000   3.9609154   4.8771722   4.8070189
  15.8   1.0000000   2.0000000   3.9645573   4.9052578   4.8405427
  15.9   1.0000000   2.0000000   3.9676757   4.9326743   4.8746566
  16.0   1.0000000   2.0000000   3.9709075   4.9603165   4.9084284
  16.1   1.0000000   2.0000000   3.9735152   4.9877543   4.9423202
  16.2   1.0000000   2.0000000   3.9761660   5.0152724   4.9763334
  16.3   1.0000000   2.0000000   3.9785183   5.0425342   5.0101901
  16.4   1.0000000   2.0000000   3.9807115   5.0689059   5.0438034
  16.5   1.0000000   2.0000000   3.9827517   5.0954507   5.0779672
  16.6   1.0000000   2.0000000   3.9846064   5.1218786   5.1118312
  16.7   1.0000000   2.0000000   3.9862762   5.1481122   5.1455756
  16.8   1.0000000   2.0000000   3.9878459   5.1741404   5.1797442
  16.9   1.0000000   2.0000000   3.9891322   5.1993794   5.2136728
  17.0   1.0000000   2.0000000   3.9904704   5.2247180   5.2476958
  17.1   1.0000000   2.0000000   3.9914485   5.2500536   5.2814717
  17.2   1.0000000   2.0000000   3.9925157   5.2746799   5.3154489
  17.3   1.0000000   2.0000000   3.9934830   5.2991174   5.3492389
  17.4   1.0000000   2.0000000   3.9943447   5.3229164   5.3833640
  17.5   1.0000000   2.0000000   3.9950538   5.3468970   5.4169082
  17.6   1.0000000   2.0000000   3.9956952   5.3702510   5.4508776
  17.7   1.0000000   2.0000000   3.9962511   5.3932182   5.4845026
  17.8   1.0000000   2.0000000   3.9967614   5.4159250   5.5183266
  17.9   1.0000000   2.0000000   3.9972151   5.4381846   5.5518349
  18.0   1.0000000   2.0000000   3.9975827   5.4598828   5.5856284
  18.1   1.0000000   2.0000000   3.9979515   5.4815776   5.6191644
  18.2   1.0000000   2.0000000   3.9982098   5.5026403   5.6527358
  18.3   1.0000000   2.0000000   3.9985427   5.5231864   5.6860523
  18.4   1.0000000   2.0000000   3.9986917   5.5433689   5.7194675
  18.5   1.0000000   2.0000000   3.9989593   5.5628236   5.7527589
  18.6   1.0000000   2.0000000   3.9991115   5.5822432   5.7861470
  18.7   1.0000000   2.0000000   3.9992654   5.6011339   5.8194653
  18.8   1.0000000   2.0000000   3.9993598   5.6195257   5.8522427
  18.9   1.0000000   2.0000000   3.9994792   5.6373140   5.8855078
  19.0   1.0000000   2.0000000   3.9995671   5.6549191   5.9187248
  19.1   1.0000000   2.0000000   3.9996438   5.6714843   5.9514498
  19.2   1.0000000   2.0000000   3.9997118   5.6880410   5.9843054
  19.3   1.0000000   2.0000000   3.9997740   5.7041804   6.0170958
  19.4   1.0000000   2.0000000   3.9998009   5.7192986   6.0498964
  19.5   1.0000000   2.0000000   3.9998368   5.7342596   6.0824490
  19.6   1.0000000   2.0000000   3.9998728   5.7486676   6.1151276
  19.7   1.0000000   2.0000000   3.9998970   5.7627729   6.1473855
  19.8   1.0000000   2.0000000   3.9999218   5.7759746   6.1798021
  19.9   1.0000000   2.0000000   3.9999350   5.7888790   6.2119157
  20.0   1.0000000   2.0000000   3.9999454   5.8016164   6.2442717
  20.1   1.0000000   2.0000000   3.9999559   5.8135486   6.2761125
  20.2   1.0000000   2.0000000   3.9999708   5.8248746   6.3080764
  20.3   1.0000000   2.0000000   3.9999774   5.8359976   6.3401619
  20.4   1.0000000   2.0000000   3.9999803   5.8463292   6.3719788
  20.5   1.0000000   2.0000000   3.9999871   5.8565451   6.4035675
  20.6   1.0000000   2.0000000   3.9999892   5.8660654   6.4350625
  20.7   1.0000000   2.0000000   3.9999928   5.8751705   6.4665965
  20.8   1.0000000   2.0000000   3.9999922   5.8839788   6.4979995
  20.9   1.0000000   2.0000000   3.9999942   5.8921492   6.5294409
  21.0   1.0000000   2.0000000   3.9999977   5.8999550   6.5603685
  21.1   1.0000000   2.0000000   3.9999973   5.9074431   6.5916159
  21.2   1.0000000   2.0000000   3.9999977   5.9143479   6.6223839
  21.3   1.0000000   2.0000000   3.9999994   5.9209827   6.6531022
  21.4   1.0000000   2.0000000   3.9999987   5.9272583   6.6838224
  21.5   1.0000000   2.0000000   3.9999994   5.9331375   6.7144977
  21.6   1.0000000   2.0000000   3.9999995   5.9386014   6.7447595
  21.7   1.0000000   2.0000000   3.9999997   5.9437792   6.7751728
  21.8   1.0000000   2.0000000   4.0000000   5.9486933   6.8050800
  21.9   1.0000000   2.0000000   4.0000000   5.9531302   6.8349466
  22.0   1.0000000   2.0000000   3.9999999   5.9572794   6.8646445
  22.1   1.0000000   2.0000000   3.9999999   5.9611448   6.8943027
  22.2   1.0000000   2.0000000   4.0000000   5.9648060   6.9236517
  22.3   1.0000000   2.0000000   3.9999998   5.9681478   6.9528623
  22.4   1.0000000   2.0000000   4.0000000   5.9712389   6.9816607
  22.5   1.0000000   2.0000000   4.0000000   5.9741044   7.0104981
  22.6   1.0000000   2.0000000   4.0000000   5.9766974   7.0388261
  22.7   1.0000000   2.0000000   4.0000000   5.9791622   7.0669459
  22.8   1.0000000   2.0000000   4.0000000   5.9813545   7.0950318
  22.9   1.0000000   2.0000000   4.0000000   5.9833560   7.1226164
  23.0   1.0000000   2.0000000   4.0000000   5.9851602   7.1499198
  23.1   1.0000000   2.0000000   4.0000000   5.9868119   7.1769202
  23.2   1.0000000   2.0000000   4.0000000   5.9883912   7.2036316
  23.3   1.0000000   2.0000000   4.0000000   5.9896625   7.2302004
  23.4   1.0000000   2.0000000   4.0000000   5.9909235   7.2562002
  23.5   1.0000000   2.0000000   4.0000000   5.9920335   7.2819255
  23.6   1.0000000   2.0000000   4.0000000   5.9930571   7.3073868
  23.7   1.0000000   2.0000000   4.0000000   5.9939212   7.3322400
  23.8   1.0000000   2.0000000   4.0000000   5.9946992   7.3568500
  23.9   1.0000000   2.0000000   4.0000000   5.9953953   7.3808813
  24.0   1.0000000   2.0000000   4.0000000   5.9960490   7.4046632
  24.1   1.0000000   2.0000000   4.0000000   5.9965541   7.4280425
  24.2   1.0000000   2.0000000   4.0000000   5.9970509   7.4509273
  24.3   1.0000000   2.0000000   4.0000000   5.9974898   7.4732285
  24.4   1.0000000   2.0000000   4.0000000   5.9978542   7.4952472
  24.5   1.0000000   2.0000000   4.0000000   5.9981577   7.5166372
  24.6   1.0000000   2.0000000   4.0000000   5.9984258   7.5376391
  24.7   1.0000000   2.0000000   4.0000000   5.9986854   7.5582269
  24.8   1.0000000   2.0000000   4.0000000   5.9988914   7.5781733
  24.9   1.0000000   2.0000000   4.0000000   5.9990664   7.5976025
  25.0   1.0000000   2.0000000   4.0000000   5.9992347   7.6167105
  25.1   1.0000000   2.0000000   4.0000000   5.9993662   7.6351225
  25.2   1.0000000   2.0000000   4.0000000   5.9994713   7.6530436
  25.3   1.0000000   2.0000000   4.0000000   5.9995638   7.6706571
  25.4   1.0000000   2.0000000   4.0000000   5.9996321   7.6874494
  25.5   1.0000000   2.0000000   4.0000000   5.9997007   7.7037535
  25.6   1.0000000   2.0000000   4.0000000   5.9997645   7.7196815
  25.7   1.0000000   2.0000000   4.0000000   5.9998074   7.7349580
  25.8   1.0000000   2.0000000   4.0000000   5.9998436   7.7497276
  25.9   1.0000000   2.0000000   4.0000000   5.9998731   7.7640767
  26.0   1.0000000   2.0000000   4.0000000   5.9999032   7.7776881
  26.1   1.0000000   2.0000000   4.0000000   5.9999180   7.7909328
  26.2   1.0000000   2.0000000   4.0000000   5.9999368   7.8035727
  26.3   1.0000000   2.0000000   4.0000000   5.9999494   7.8156995
  26.4   1.0000000   2.0000000   4.0000000   5.9999610   7.8273741
  26.5   1.0000000   2.0000000   4.0000000   5.9999688   7.8385336
  26.6   1.0000000   2.0000000   4.0000000   5.9999775   7.8491494
  26.7   1.0000000   2.0000000   4.0000000   5.9999809   7.8592400
  26.8   1.0000000   2.0000000   4.0000000   5.9999868   7.8689505
  26.9   1.0000000   2.0000000   4.0000000   5.9999895   7.8781563
  27.0   1.0000000   2.0000000   4.0000000   5.9999923   7.8867902
  27.1   1.0000000   2.0000000   4.0000000   5.9999951   7.8951276
  27.2   1.0000000   2.0000000   4.0000000   5.9999955   7.9029138
  27.3   1.0000000   2.0000000   4.0000000   5.9999971   7.9103714
  27.4   1.0000000   2.0000000   4.0000000   5.9999983   7.9173262
  27.5   1.0000000   2.0000000   4.0000000   5.9999979   7.9238731
  27.6   1.0000000   2.0000000   4.0000000   5.9999989   7.9300761
  27.7   1.0000000   2.0000000   4.0000000   5.9999990   7.9358583
  27.8   1.0000000   2.0000000   4.0000000   5.9999994   7.9412679
  27.9   1.0000000   2.0000000   4.0000000   5.9999997   7.9463169
  28.0   1.0000000   2.0000000   4.0000000   5.9999996   7.9510805
  28.1   1.0000000   2.0000000   4.0000000   5.9999999   7.9554225
  28.2   1.0000000   2.0000000   4.0000000   6.0000000   7.9595438
  28.3   1.0000000   2.0000000   4.0000000   5.9999998   7.9633324
  28.4   1.0000000   2.0000000   4.0000000   5.9999999   7.9668242
  28.5   1.0000000   2.0000000   4.0000000   6.0000000   7.9700518
  28.6   1.0000000   2.0000000   4.0000000   6.0000000   7.9730693
  28.7   1.0000000   2.0000000   4.0000000   5.9999999   7.9757791
  28.8   1.0000000   2.0000000   4.0000000   5.9999999   7.9782978
  28.9   1.0000000   2.0000000   4.0000000   6.0000000   7.9806055
  29.0   1.0000000   2.0000000   4.0000000   6.0000000   7.9827289
  29.1   1.0000000   2.0000000   4.0000000   6.0000000   7.9846133
  29.2   1.0000000   2.0000000   4.0000000   6.0000000   7.9863572
  29.3   1.0000000   2.0000000   4.0000000   6.0000000   7.9878981
  29.4   1.0000000   2.0000000   4.0000000   6.0000000   7.9893497
  29.5   1.0000000   2.0000000   4.0000000   6.0000000   7.9906293
  29.6   1.0000000   2.0000000   4.0000000   6.0000000   7.9917572
  29.7   1.0000000   2.0000000   4.0000000   6.0000000   7.9928032
  29.8   1.0000000   2.0000000   4.0000000   6.0000000   7.9936992
  29.9   1.0000000   2.0000000   4.0000000   6.0000000   7.9945150
  30.0   1.0000000   2.0000000   4.0000000   6.0000000   7.9952600
  30.1   1.0000000   2.0000000   4.0000000   6.0000000   7.9958988
  30.2   1.0000000   2.0000000   4.0000000   6.0000000   7.9964749
  30.3   1.0000000   2.0000000   4.0000000   6.0000000   7.9969676
  30.4   1.0000000   2.0000000   4.0000000   6.0000000   7.9974001
  30.5   1.0000000   2.0000000   4.0000000   6.0000000   7.9977857
  30.6   1.0000000   2.0000000   4.0000000   6.0000000   7.9981313
  30.7   1.0000000   2.0000000   4.0000000   6.0000000   7.9984042
  30.8   1.0000000   2.0000000   4.0000000   6.0000000   7.9986554
  30.9   1.0000000   2.0000000   4.0000000   6.0000000   7.9988742
  31.0   1.0000000   2.0000000   4.0000000   6.0000000   7.9990542
  31.1   1.0000000   2.0000000   4.0000000   6.0000000   7.9992090
  31.2   1.0000000   2.0000000   4.0000000   6.0000000   7.9993443
  31.3   1.0000000   2.0000000   4.0000000   6.0000000   7.9994529
  31.4   1.0000000   2.0000000   4.0000000   6.0000000   7.9995503
  31.5   1.0000000   2.0000000   4.0000000   6.0000000   7.9996373
  31.6   1.0000000   2.0000000   4.0000000   6.0000000   7.9997028
  31.7   1.0000000   2.0000000   4.0000000   6.0000000   7.9997594
  31.8   1.0000000   2.0000000   4.0000000   6.0000000   7.9998057
  31.9   1.0000000   2.0000000   4.0000000   6.0000000   7.9998415
  32.0   1.0000000   2.0000000   4.0000000   6.0000000   7.9998729
  32.1   1.0000000   2.0000000   4.0000000   6.0000000   7.9998995
  32.2   1.0000000   2.0000000   4.0000000   6.0000000   7.9999202
  32.3   1.0000000   2.0000000   4.0000000   6.0000000   7.9999366
  32.4   1.0000000   2.0000000   4.0000000   6.0000000   7.9999503
  32.5   1.0000000   2.0000000   4.0000000   6.0000000   7.9999621
  32.6   1.0000000   2.0000000   4.0000000   6.0000000   7.9999701
  32.7   1.0000000   2.0000000   4.0000000   6.0000000   7.9999771
  32.8   1.0000000   2.0000000   4.0000000   6.0000000   7.9999829
  32.9   1.0000000   2.0000000   4.0000000   6.0000000   7.9999864
  33.0   1.0000000   2.0000000   4.0000000   6.0000000   7.9999897
  33.1   1.0000000   2.0000000   4.0000000   6.0000000   7.9999924
  33.2   1.0000000   2.0000000   4.0000000   6.0000000   7.9999944
  33.3   1.0000000   2.0000000   4.0000000   6.0000000   7.9999958
  33.4   1.0000000   2.0000000   4.0000000   6.0000000   7.9999966
  33.5   1.0000000   2.0000000   4.0000000   6.0000000   7.9999976
  33.6   1.0000000   2.0000000   4.0000000   6.0000000   7.9999984
  33.7   1.0000000   2.0000000   4.0000000   6.0000000   7.9999988
  33.8   1.0000000   2.0000000   4.0000000   6.0000000   7.9999990
  33.9   1.0000000   2.0000000   4.0000000   6.0000000   7.9999995
  34.0   1.0000000   2.0000000   4.0000000   6.0000000   7.9999996
  34.1   1.0000000   2.0000000   4.0000000   6.0000000   7.9999997
  34.2   1.0000000   2.0000000   4.0000000   6.0000000   7.9999997
  34.3   1.0000000   2.0000000   4.0000000   6.0000000   7.9999999
  34.4   1.0000000   2.0000000   4.0000000   6.0000000   7.9999999
  34.5   1.0000000   2.0000000   4.0000000   6.0000000   7.9999999
  34.6   1.0000000   2.0000000   4.0000000   6.0000000   7.9999999
  34.7   1.0000000   2.0000000   4.0000000   6.0000000   7.9999999
  34.8   1.0000000   2.0000000   4.0000000   6.0000000   8.0000000
  34.9   1.0000000   2.0000000   4.0000000   6.0000000   8.0000000
  35.0   1.0000000   2.0000000   4.0000000   6.0000000   8.0000000
====================================================================
